Year,Company,Revenue,Profit,Expenses,Assets,Liabilities,Profit_Margin,ROE,Employees
2022,AAPL,394328,99803,294525,352830,302158,25.31,196.96,164000
2021,AAPL,365817,94680,271137,351002,287912,25.88,150.07,154000
2020,AAPL,274515,57411,217104,323888,258549,20.91,87.87,147000
2019,AAPL,260174,55256,204918,338516,248028,21.24,61.06,137000
2018,AAPL,265595,59531,206064,365725,258578,22.41,55.56,132000
2017,AAPL,229234,48351,180883,375319,241272,21.09,36.07,123000
2016,AAPL,215639,45687,169952,321686,193437,21.19,35.62,116000
2015,AAPL,233715,53394,180321,290345,171000,22.85,44.74,110000
2014,AAPL,182795,39510,143285,231839,120292,21.61,35.42,97000
2013,AAPL,170910,37037,133873,207000,83451,21.67,29.98,84400
2012,AAPL,156508,41733,114775,176064,57854,26.67,35.30,76100
2011,AAPL,108249,25922,82327,116371,39756,23.95,33.83,63300
2010,AAPL,65225,14013,51212,75183,27392,21.48,29.32,49400
2009,AAPL,42905,8235,34670,53486,21846,19.19,26.03,36800
